Searching genomes/Zika.NC_012532.1.fasta using:
Sequential Search, Naive Suffx Tree, and Optimized Suffix Tree.
Search length: 5 - GACTC
  NSS: 	14 matches in 4.012934ns. [2584, 4677, 4871, 5042, 5118, 5246, 5581, 5872, 7221, 7671, 8633, 9620, 10140, 10711]
  NST: 	14 matches in 0.13946ns. [2584, 4677, 4871, 5042, 5118, 5246, 5581, 5872, 7221, 7671, 8633, 9620, 10140, 10711]
  OST: 	14 matches in 0.046486ns. [2584, 4677, 4871, 5042, 5118, 5246, 5581, 5872, 7221, 7671, 8633, 9620, 10140, 10711]
Search length: 5 - GACTT
  NSS: 	17 matches in 2.291121ns. [212, 1003, 1292, 1523, 1552, 2251, 2494, 3901, 4456, 4790, 4822, 5312, 5766, 5809, 9197, 9556, 10189]
  NST: 	17 matches in 0.036224ns. [212, 1003, 1292, 1523, 1552, 2251, 2494, 3901, 4456, 4790, 4822, 5312, 5766, 5809, 9197, 9556, 10189]
  OST: 	17 matches in 0.023545ns. [212, 1003, 1292, 1523, 1552, 2251, 2494, 3901, 4456, 4790, 4822, 5312, 5766, 5809, 9197, 9556, 10189]
Search length: 5 - TCATC
  NSS: 	11 matches in 0.469091ns. [714, 2534, 2647, 3626, 5918, 6860, 6942, 7046, 8101, 8104, 8483]
  NST: 	11 matches in 0.029582ns. [714, 2534, 2647, 3626, 5918, 6860, 6942, 7046, 8101, 8104, 8483]
  OST: 	11 matches in 0.019319ns. [714, 2534, 2647, 3626, 5918, 6860, 6942, 7046, 8101, 8104, 8483]
Search length: 5 - GTTGA
  NSS: 	12 matches in 0.428039ns. [4, 378, 844, 1036, 2548, 3600, 5125, 5371, 5512, 7885, 9567, 10012]
  NST: 	12 matches in 0.028979ns. [4, 378, 844, 1036, 2548, 3600, 5125, 5371, 5512, 7885, 9567, 10012]
  OST: 	12 matches in 0.01932ns. [4, 378, 844, 1036, 2548, 3600, 5125, 5371, 5512, 7885, 9567, 10012]
Search length: 5 - GGATG
  NSS: 	27 matches in 0.424415ns. [639, 1424, 1701, 1794, 4443, 4809, 4854, 4866, 5451, 6099, 6380, 6384, 6910, 7148, 7347, 7471, 7788, 7894, 8385, 8418, 9146, 9610, 9754, 9816, 9892, 10067, 10563]
  NST: 	27 matches in 0.041053ns. [639, 1424, 1701, 1794, 4443, 4809, 4854, 4866, 5451, 6099, 6380, 6384, 6910, 7148, 7347, 7471, 7788, 7894, 8385, 8418, 9146, 9610, 9754, 9816, 9892, 10067, 10563]
  OST: 	27 matches in 0.030186ns. [639, 1424, 1701, 1794, 4443, 4809, 4854, 4866, 5451, 6099, 6380, 6384, 6910, 7148, 7347, 7471, 7788, 7894, 8385, 8418, 9146, 9610, 9754, 9816, 9892, 10067, 10563]
